5711.0
9340.0
8341.0
11933.0
1534.0
5461.0
8130.0
6233.0
15208.0
8251.0
9324.0
4368.0
7350.0
3462.0
2583.0
4368.0
9340.0
2584.0
3300.0
8512.0
14569.0
4794.0
6655.0
1758.0
1534.0
15023.0
3147.0
12858.0
6233.0
14569.0
9266.0
786.0
3713.0
8341.0
6491.0
1864.0
4794.0
13820.0
7888.0
13820.0
11548.0
1675.0
4794.0
8479.0
6216.0
2021.0
12858.0
9805.0
10291.0
10685.0
6491.0
10685.0
7878.0
1758.0
11548.0
5711.0
3530.0
3492.0
12858.0
9283.0
10666.0
15023.0
2578.0
3713.0
1864.0
8512.0
1826.0
8130.0
4095.0
4095.0
5492.0
3302.0
7869.0
10855.0
1591.0
14569.0
8512.0
1534.0
7964.0
8512.0
8421.0
4017.0
9283.0
9338.0
9340.0
3067.0
1864.0
3147.0
8847.0
12858.0
8561.0
15156.0
1758.0
3492.0
1591.0
1675.0
2544.0
8561.0
10244.0
3302.0
